7312
7293
5413
3496
2941
355
5545
988
7868
123
5628
5172
8020
2426
7615
6290
1818
5185
6515
8128
213
5437
6827
4596
4639
4974
91
6473
2532
2383
3264
9877
8535
6949
1022
9180
3881
7185
4159
2105
2725
1827
6293
6576
9755
9353
281
8037
5980
3539
7292
3234
8052
2118
9616
9704
2890
828
4822
5019
2585
9099
2447
5732
32
3213
6522
9402
9509
970
6303
4855
7253
5856
1093
8141
8396
8241
1760
8129
2143
4731
2593
5163
6418
9166
9026
4261
5885
5998
2884
72
1070
3930
8014
462
9199
2343
3197
812
6015
5834
3734
3888
2614
7025
186
7631
398
4344
7127
3680
656
8203
9006
1562
4723
8066
8927
3448
6805
3181
9380
9613
4455
8410
8097
4389
6718
7427
7223
4230
7002
8110
6022
9582
6649
9423
9030
4807
3386
4306
9458
5730
338
1570
539
3628
1733
8384
3912
3497
9797
9669
3317
345
6747
6635
2995
7816
55
7741
4490
5981
4369
3016
1464
1382
3011
5007
7031
1949
2693
8750
6445
1859
2868
1569
7508
7476
6680
7333
1384
1625
3482
844
2230
2180
6080
1988
4655
2441
2650
8296
9267
472
6375
167
7406
8270
6992
1321
4517
7475
8264
7348
2711
1238
5358
6560
1631
9592
3815
9629
5697
4108
1874
198
8770
4419
2490
7927
1987
3268
2277
1508
9232
916
4696
4595
272
5012
385
9586
7487
9768
460
6846
5828
6176
5985
7859
4872
1662
5782
4295
5389
9595
1567
485
9003
6101
8655
2734
7879
2582
3789
8018
4363
524
493
4758
5394
447
5431
5370
322
2721
1803
7672
6230
8218
1017
8016
440
446
7001
1585
3947
4453
8477
3300
5948
7179
2846
2822
8644
7970
9275
8615
4951
7387
4010
5661
2981
3548
4291
627
4099
3799
391
5236
3987
2484
1431
3400
3669
3409
6185
6345
4909
5280
4217
1654
4372
5350
3447
827
4430
5114
9940
9786
8382
9266
813
1475
7426
1656
3365
662
1046
7104
5025
557
1082
1993
6380
6239
718
2379
1356
5476
6946
3069
9510
8300
2136
4721
1677
1505
952
733
722
5415
1511
9781
5442
3674
5923
5318
2432
6601
2791
400
8980
8249
6930
2406
2797
2698
3208
2210
5270
87
3200
8815
6096
6700
7053
3524
9558
9749
8688
8691
171
8700
2242
2325
7643
4376
9298
4215
8723
4293
7490
2009
946
8004
568
2809
7271
7578
3755
5347
2858
4195
772
5841
7697
5216
8260
9693
1782
1875
6987
5113
8566
5611
1419
5449
9213
6931
4452
4418
9559
3389
9494
8564
9516
7128
9144
9302
3319
7501
7446
3736
6971
1115
1551
7242
6964
4528
1515
2627
37
306
695
2533
3784
2669
3175
9859
9360
9105
793
2859
5453
4582
6529
6661
4819
8167
709
8286
6217
7570
2033
4427
7435
9432
2949
4540
654
2031
9499
8532
3185
7515
5433
6448
412
7055
8540
3537
9540
1645
8576
1510
1895
8006
2773
2231
4647
1277
8573
5417
337
736
9507
6260
